2 0.1647961421875 0.5416809078125 0.1632336421875 0.5416809078125 0.1632336421875 0.5479309078125 0.1647961421875 0.5479309078125 0.1647961421875 0.5526184078124999 0.1679211421875 0.5541809078125 0.1679211421875 0.5557434078125 0.1757336421875 0.5557434078125 0.1757336421875 0.5526184078124999 0.1772961421875 0.5526184078124999 0.1772961421875 0.5416809078125 0.17417114218750002 0.5401184078125 0.17417114218750002 0.5385559078125 0.1679211421875 0.5385559078125 0.1679211421875 0.5401184078125 0.1647961421875 0.5401184078125 0.1647961421875 0.5416809078125
2 0.29375 0.5546875 0.2984375 0.546875 0.2890625 0.5296875 0.271875 0.540625 0.278125 0.553125 0.29375 0.5546875
2 0.4515625 0.5515625 0.4671875 0.55 0.4703125 0.5296875 0.453125 0.525 0.4453125 0.53125 0.44375 0.5453125 0.4515625 0.5515625
2 0.48081207499999995 0.3846183078125 0.490625 0.3796875 0.4875 0.3625 0.46875 0.3578125 0.4609375 0.365625 0.4625 0.3796875 0.48081207499999995 0.3846183078125
2 0.578125 0.528125 0.5765625 0.528125 0.5765625 0.534375 0.5796875 0.5359375 0.5796875 0.5375 0.58125 0.5375 0.58125 0.5390625 0.5828125 0.5390625 0.5828125 0.540625 0.5953125 0.540625 0.5953125 0.5390625 0.596875 0.5390625 0.596875 0.5359375 0.5984375 0.5359375 0.5984375 0.5328125 0.6 0.5328125 0.6 0.53125 0.5984375 0.53125 0.5984375 0.5265625 0.596875 0.5265625 0.596875 0.5234375 0.5953125 0.5234375 0.5953125 0.521875 0.58125 0.521875 0.5796875 0.525 0.578125 0.525 0.578125 0.528125
2 0.8256567765625 0.22553157656249997 0.8394554781249999 0.22154561875 0.8455377265624999 0.2139043 0.8546875 0.1984375 0.840625 0.184375 0.8203125 0.184375 0.80625 0.1984375 0.8078125 0.2171875 0.8256567765625 0.22553157656249997
2 0.875 0.3625 0.8890625 0.3640625 0.9015625 0.3546875 0.9015625 0.3390625 0.8796875 0.3296875 0.86875 0.3359375 0.8671875 0.35 0.875 0.3625
2 0.825 0.49375 0.828125 0.4796875 0.8156122937499999 0.47230638437500005 0.8005644171874999 0.480783659375 0.8007414234375 0.49109395625 0.825 0.49375
2 0.7484375 0.5265625 0.7453125 0.5265625 0.7453125 0.528125 0.74375 0.528125 0.74375 0.5359375 0.7453125 0.5359375 0.7453125 0.5390625 0.7484375 0.540625 0.7484375 0.5421875 0.753125 0.5421875 0.753125 0.54375 0.7609375 0.54375 0.7625 0.540625 0.7640625 0.540625 0.7640625 0.5375 0.765625 0.5375 0.765625 0.5296875 0.7640625 0.5296875 0.7640625 0.5265625 0.7625 0.5265625 0.7625 0.525 0.759375 0.525 0.759375 0.5234375 0.7546875 0.5234375 0.7546875 0.525 0.7484375 0.525 0.7484375 0.5265625
2 0.5125 0.2109375 0.5109375 0.2109375 0.5109375 0.2140625 0.509375 0.2140625 0.509375 0.2203125 0.5078125 0.2203125 0.5078125 0.2328125 0.509375 0.2328125 0.509375 0.2375 0.5125 0.2390625 0.5125 0.240625 0.5140625 0.240625 0.5140625 0.2421875 0.5171875 0.2421875 0.5171875 0.24375 0.528125 0.24375 0.528125 0.2453125 0.5296875 0.2453125 0.5296875 0.24375 0.5359375 0.24375 0.5375 0.240625 0.5390625 0.240625 0.5390625 0.2390625 0.540625 0.2390625 0.540625 0.2375 0.5421875 0.2375 0.5421875 0.2328125 0.54375 0.2328125 0.54375 0.2265625 0.5453125 0.2265625 0.5453125 0.225 0.54375 0.225 0.54375 0.215625 0.5421875 0.215625 0.5421875 0.2125 0.5390625 0.2109375 0.5390625 0.209375 0.5375 0.209375 0.5375 0.2078125 0.534375 0.2078125 0.534375 0.20625 0.515625 0.20625 0.5140625 0.209375 0.5125 0.209375 0.5125 0.2109375
2 0.53152059375 0.4887877078125 0.5224094765625 0.49620195312500004 0.5241318828125 0.5027387453125 0.570541715625 0.50065189375 0.5601329875000001 0.4913922109375 0.5429506953125001 0.48322354218749997 0.53152059375 0.4887877078125