3 0.8394022765625 0.566103653125 0.8484865734374999 0.5490446171875 0.83065523125 0.5172230890625 0.8222984140625 0.48615349218750004 0.8393329984375001 0.45658368125 0.8395118109374999 0.4397197609375 0.8296511328125 0.4275992140625 0.8110800843750001 0.424579265625 0.8019794875 0.415868896875 0.769381578125 0.40452065781249996 0.759151046875 0.4068009015625 0.7496642953125 0.386721915625 0.7182044703125 0.3772677671875 0.6892200015625 0.3869496328125 0.720696128125 0.4221731875 0.72335845 0.4373299828125 0.704413475 0.442268471875 0.6987352796875 0.452125075 0.71296540625 0.482243553125 0.7311666015625 0.499664290625 0.7702068625 0.5110084546875 0.7793196859375 0.5390458765624999 0.818359946875 0.550390040625 0.8280336609375001 0.56648980625 0.8394022765625 0.566103653125
3 0.6172282796874999 0.4044274234375 0.6058433640625001 0.379044171875 0.6166347859375 0.364826271875 0.5821427859375 0.354616115625 0.5580927328125 0.37680060625 0.560564015625 0.38949426875 0.57971225625 0.406345965625 0.6172282796874999 0.4044274234375
3 0.6535211359375 0.5656527921875 0.6654384171875 0.534001928125 0.6631581734374999 0.523771396875 0.6333973234375 0.5042736796875 0.60611183125 0.503911978125 0.58395586875 0.5249583828125 0.5805538421875001 0.5386031671875 0.5942067765625 0.554889896875 0.6535211359375 0.5656527921875
3 0.7651914390625 0.66998618125 0.7776859140625 0.6521670640624999 0.7729425375 0.6421275718749999 0.74375480625 0.6300192515624999 0.7376986078125001 0.6413919421875 0.7145792984375 0.6372379859375 0.686732915625 0.648813940625 0.7375279453125 0.6711405671875 0.7651914390625 0.66998618125
3 0.464205365625 0.52730790625 0.46874140156250005 0.5091148609375 0.490706325 0.48560532343749996 0.4912672171875 0.473667665625 0.442370353125 0.45664530625 0.40750442500000006 0.45439359062499995 0.3974649328125 0.45913696562500006 0.387250703125 0.4871866140625 0.39085599375 0.495332015625 0.426494228125 0.5203209640625001 0.4543528375 0.5280720624999999 0.464205365625 0.52730790625
3 0.265922984375 0.3925228640625 0.27216614687499996 0.3771709546875 0.294334334375 0.37545160312500003 0.3026504 0.3420976875 0.3350491203125 0.3380980921875 0.3450804625 0.3204700140625 0.3319884203125 0.2922456265625 0.2963583359375 0.28014138125 0.29274896875 0.265553628125 0.343893475 0.24126770937500003 0.34957167031249997 0.23141110468749998 0.33534969375 0.21417733125 0.2966955859375 0.21420178281250002 0.3025566703125 0.1939236078125 0.29098886562500004 0.1789619265625 0.27886016874999997 0.175937903125 0.2314956921875 0.185062953125 0.22221628125 0.1932165046875 0.2330240046875 0.204768009375 0.2565213171875 0.20740587968750002 0.2631587828125 0.2163072875 0.2540948625 0.26557807968749997 0.265475703125 0.2845189796875 0.23838125 0.2866204109375 0.2103479015625 0.302175584375 0.1946098390625 0.2845638078125 0.192516559375 0.2703540578125 0.1758396015625 0.266196025 0.1532974859375 0.275873815625 0.1442091125 0.2864905 0.162601346875 0.30637437031250003 0.2054257140625 0.3090000140625 0.2387918546875 0.3366431328125 0.2507458125 0.3629734296875 0.24582769999999998 0.3762402109375 0.256448459375 0.391770934375 0.265922984375 0.3925228640625
3 0.12169095156250001 0.0344950203125 0.1216828015625 0.02161031875 0.10859890937500001 0.006270634375 0.0989577953125 0.041709678124999996 0.12169095156250001 0.0344950203125
3 0.1543133125 0.0844973671875 0.1698399609375 0.06743425625 0.17285583437500002 0.042420857812500004 0.1991861296875 0.0304668984375 0.2215453578125 0.0312106796875 0.23385694375 0.023813132812500002 0.23290582343750002 0.0179398234375 0.20675026562499998 0.0065875078125 0.17112833125 0.007367965625 0.15919475 0.013249425 0.13836790937500001 0.038653053124999996 0.1342098765625 0.05533001093749999 0.14255446875 0.0670725546875 0.1433227 0.08336743437500001 0.1543133125 0.0844973671875
3 0.45961178125 0.15498065625 0.46169283437499997 0.14986335312500002 0.4478529375 0.13755584375000002 0.42568474843750004 0.13927519531250002 0.4296680421875 0.145904509375 0.44843012968749996 0.151387590625 0.45961178125 0.15498065625
3 0.512682978125 0.1810954625 0.519690296875 0.17559608124999998 0.5085045703125 0.1655606640625 0.46794822187499996 0.153838496875 0.465493240625 0.1669142390625 0.476492003125 0.180928875 0.512682978125 0.1810954625
3 0.5548002421875 0.264061496875 0.5655957390624999 0.256285946875 0.555922025 0.24018618125 0.5369688984375001 0.23223996875 0.5297705421875001 0.23527621875000002 0.5108092656250001 0.214445303125 0.49868056875000005 0.2114212796875 0.497371821875 0.23927581406249998 0.5129188453125 0.2544244578125 0.5548002421875 0.264061496875
3 0.473886734375 0.255964996875 0.4695213625 0.24440941718750003 0.4617539625 0.246498621875 0.464412209375 0.255213065625 0.473886734375 0.255964996875
3 0.461184921875 0.24555157656249998 0.47387043437500004 0.2301955921875 0.45775844374999997 0.220542253125 0.43767538281249996 0.223586653125 0.43105014375 0.23401229843750002 0.44015074062500004 0.24272266718750002 0.461184921875 0.24555157656249998