3 0.4078125 0.54140625 0.421875 0.54765625 0.4328125 0.53203125 0.42421875 0.5265625 0.40859375 0.5296875 0.4078125 0.54140625
3 0.7265625 0.35546875 0.74296875 0.346875 0.74375 0.33984375 0.7140625 0.35390625 0.7265625 0.35546875
3 0.7796875 0.38515625 0.7859375 0.38828125 0.80234375 0.3875 0.80625 0.37890625 0.78828125 0.371875 0.7796875 0.38515625
3 0.73125 0.36953125 0.73828125 0.378125 0.759375 0.38046875 0.771875 0.37578125 0.7765625 0.36171875 0.77265625 0.35625 0.73125 0.36953125
3 0.7703125 0.33203125 0.76953125 0.3390625 0.7953125 0.34609375 0.828125 0.33046875 0.81796875 0.3234375 0.80390625 0.3234375 0.7703125 0.33203125
3 0.9421875 0.46796875 0.93046875 0.4515625 0.92109375 0.45 0.90390625 0.459375 0.8890625 0.44765625 0.8984375 0.41328125 0.9234375 0.40546875 0.89765625 0.3828125 0.88671875 0.384375 0.87890625 0.3984375 0.85390625 0.396875 0.85 0.40703125 0.86875 0.42890625 0.84296875 0.4359375 0.8296875 0.45703125 0.8171875 0.46171875 0.82734375 0.471875 0.84453125 0.465625 0.846875 0.48359375 0.85859375 0.4984375 0.865625 0.49765625 0.88671875 0.475 0.90546875 0.4703125 0.93046875 0.475 0.9421875 0.46796875
3 0.99921875 0.334375 0.9890625 0.33828125 1 0.34453125 0.99921875 0.334375
3 0.9640625 0.29609375 0.97109375 0.3078125 0.99375 0.32109375 1 0.31796875 0.99921875 0.3015625 0.97890625 0.2921875 0.9640625 0.29609375
3 0.63359375 0.4546875 0.6390625 0.44609375 0.6375 0.42890625 0.65 0.41953125 0.65 0.41171875 0.62890625 0.403125 0.61171875 0.409375 0.58046875 0.409375 0.5734375 0.41640625 0.578125 0.43671875 0.5609375 0.46328125 0.5671875 0.47578125 0.58984375 0.4734375 0.60234375 0.4625 0.62109375 0.4625 0.63359375 0.4546875
3 0.68984375 0.415625 0.6796875 0.43671875 0.703125 0.44609375 0.7171875 0.43671875 0.7140625 0.42265625 0.70234375 0.4140625 0.68984375 0.415625
3 0.73125 0.49453125 0.74140625 0.5234375 0.76875 0.52421875 0.7828125 0.51796875 0.77265625 0.5 0.75703125 0.4921875 0.73125 0.49453125
3 0.64296875 0.478125 0.6421875 0.49765625 0.65625 0.51484375 0.68515625 0.509375 0.6875 0.49453125 0.66328125 0.4796875 0.64296875 0.478125
3 0.59609375 0.5375 0.6234375 0.53671875 0.59765625 0.515625 0.5828125 0.51953125 0.5859375 0.53046875 0.59609375 0.5375
3 0.47734375 0.559375 0.4953125 0.56015625 0.5046875 0.54609375 0.50078125 0.5390625 0.471875 0.54609375 0.47734375 0.559375