3 0.5948512906250001 0.5348747109375 0.593254484375 0.5232390046875001 0.57744955625 0.5212115625 0.569258221875 0.5272664609375 0.5812590234375 0.5420904375 0.5948512906250001 0.5348747109375
3 0.2762679609375 0.36919437187500004 0.24567182812500002 0.3572370234375 0.24694164999999998 0.3641966484375 0.26390740468749996 0.371625021875 0.2762679609375 0.36919437187500004
3 0.212982709375 0.4049460171875 0.20348344062499998 0.3922965890625 0.1860489359375 0.40056414843750004 0.190545140625 0.40886447812500004 0.2069659234375 0.4084993828125 0.212982709375 0.4049460171875
3 0.25379762031249997 0.395043540625 0.2602122734375 0.38598024999999997 0.21798043437499998 0.37561970625 0.21446517968749998 0.3813476203125 0.22012221250000003 0.39504888125000004 0.23291874531249998 0.3988530078125 0.25379762031249997 0.395043540625
3 0.2198988828125 0.3582560859375 0.218629059375 0.3512964609375 0.1845176734375 0.34506702499999997 0.170489428125 0.3460479765625 0.16084839374999998 0.3537705625 0.194670909375 0.3670686171875 0.2198988828125 0.3582560859375
3 0.142170771875 0.5234555421875 0.152825528125 0.5078304921875 0.15391013125 0.48974202031249997 0.17149174218750002 0.49477785625 0.1809147875 0.48393788281249994 0.168118253125 0.48013375781249995 0.15339793125 0.46001784375000004 0.1271890078125 0.45480213125 0.1443674109375 0.43167248281250004 0.13976221093750002 0.42181345937500003 0.1149321046875 0.425116065625 0.1061576859375 0.41163279375000006 0.095137834375 0.4108370609375 0.07099980624999999 0.4352365296875 0.0964838796875 0.4412860875 0.108233921875 0.474923384375 0.0942437890625 0.48764903593750003 0.0764441890625 0.4794958125 0.0672010203125 0.4817084734375 0.056655259375 0.4988922171875 0.06883593906249999 0.5050888812500001 0.09344805625 0.49866888749999994 0.11247936562500001 0.502037034375 0.135102153125 0.5231666703125 0.142170771875 0.5234555421875
3 0 0.352532365625 0.0166474890625 0.3411424984375 0.0228441515625 0.32896181874999997 0.007764075 0.3261005328125 0 0.33036448281249997 0 0.352532365625
3 0.43664957031249996 0.46762147968749995 0.41765103124999997 0.44232262499999997 0.420910184375 0.42173262187500005 0.41340558749999995 0.4152089734375 0.3822317109375 0.4173888640625 0.36465010000000003 0.41235302812499997 0.34420720312499997 0.42239727031249996 0.3447521765625 0.4301907390625 0.35787569375 0.43867094531250006 0.3575159390625 0.45592557187500005 0.3635708375 0.46411690781250003 0.3765853609375 0.471038421875 0.3952896859375 0.4697304875 0.4085221984375 0.47976938750000003 0.43128675000000005 0.480527009375 0.43664957031249996 0.46762147968749995
3 0.3163359328125 0.449407265625 0.304732996875 0.42907336406249996 0.2921544515625 0.4283866265625 0.28106371874999997 0.43777689999999997 0.27892728125 0.45202313437499997 0.2936094921875 0.46039434687499997 0.3163359328125 0.449407265625
3 0.26081672031249997 0.54022005625 0.2689318328125 0.5106757562500001 0.2430498921875 0.510136125 0.2280079265625 0.5190195390625 0.21912985312500002 0.53765298125 0.23359407656250003 0.54290680625 0.26081672031249997 0.54022005625
3 0.3579953703125 0.5075804578125 0.3558535921875 0.48815128281250003 0.3356995671875 0.4911269046875 0.312575259375 0.5076239109375 0.3159487484375 0.5222680093750001 0.3451660640625 0.5257070406250001 0.3579953703125 0.5075804578125
3 0.406756196875 0.5441118125 0.41639723125000005 0.5363892265625 0.4187516578125 0.5252603812500001 0.40367158124999997 0.52239909375 0.3794245578125 0.5452398703125 0.406756196875 0.5441118125
3 0.5267428515625 0.5576499453125 0.5312718265624999 0.5440195671875 0.501945515625 0.5390218421874999 0.49853925625000006 0.5463084515625 0.50887236875 0.5596827296875 0.5267428515625 0.5576499453125