2 0.82109243125 0.5683636015625 0.8178431421875001 0.56964779375 0.8168898765625 0.5805436734375 0.8184464296874999 0.5806798546875 0.81817406875 0.5837929625 0.8259568390625001 0.5844738671874999 0.8260930203125 0.5829173125 0.8293423093750001 0.5816331203125 0.8297508515625 0.5769634578125 0.83130740625 0.5770996390625001 0.8318521296875 0.570873421875 0.8302955750000001 0.570737240625 0.83043175625 0.5691806859375 0.8273186484374999 0.568908325 0.827454828125 0.5673517703125001 0.8212286125 0.5668070468749999 0.82109243125 0.5683636015625
2 0.7006988265625 0.57245526875 0.71640055 0.5722605234375 0.7237162140625 0.5603528140625 0.7075473828125001 0.5479589453125 0.6967100687500001 0.56426395625 0.7006988265625 0.57245526875
2 0.5283298515625 0.5526695328125 0.5437592125 0.5555878953125 0.5520867078125 0.5500425828125 0.55175578125 0.5358974140625 0.5445177328125 0.5289902921875 0.5269870937500001 0.5321619656250001 0.5283298515625 0.5526695328125
2 0.51982525 0.3809624109375 0.5291710859375 0.3867297078125 0.5478432265625 0.383413665625 0.5506254078125 0.369540859375 0.5435235421875 0.3610771828125 0.5244363484375001 0.3641126765625 0.51982525 0.3809624109375
2 0.40300747968749995 0.51504128125 0.4014509265625 0.5149051 0.40117856406249996 0.518018209375 0.399622009375 0.5178820281250001 0.3992134671875 0.5225516906250001 0.3976569125 0.522415509375 0.3975207328125 0.5239720640625001 0.39907728593749997 0.5241082453125 0.398804925 0.5272213531250001 0.4003614796875 0.527357534375 0.40008911718749995 0.5304706421875001 0.401645671875 0.5306068234375 0.40150949062499997 0.532163378125 0.413961925 0.533252825 0.41409810468749997 0.5316962703125 0.415654659375 0.5318324515625 0.415790840625 0.530275896875 0.4173473953125 0.530412078125 0.417483575 0.5288555234375 0.4207328640625 0.52757133125 0.4212775875 0.5213451140625 0.419721034375 0.5212089328125 0.4199933953125 0.518095825 0.4184368421875 0.51795964375 0.4171526484375 0.5147103546875 0.4031436609375 0.5134847265625 0.40300747968749995 0.51504128125
2 0.17294509687499998 0.168671984375 0.18071203281249998 0.1848773828125 0.18610515156250002 0.19301972812499998 0.1995039453125 0.19819315312500002 0.218007553125 0.191436059375 0.221198278125 0.172893590625 0.2084149171875 0.15765897499999998 0.1881797125 0.1558886234375 0.17294509687499998 0.168671984375
2 0.11263038593750001 0.3202419796875 0.12426573437499999 0.3306707515625 0.13841090312499998 0.330339825 0.1472831203125 0.3185682953125 0.14695219375 0.30442312656250003 0.13660103750000002 0.29724364375 0.11399219375 0.3046764375 0.11263038593750001 0.3202419796875
2 0.176781446875 0.4654481671875 0.20117920156250002 0.4649165046875 0.2022541359375 0.45466086875 0.18800236406249998 0.44490434375000004 0.17489396562499998 0.45116681718749996 0.176781446875 0.4654481671875
2 0.23943310625 0.502298846875 0.2363199984375 0.502026484375 0.2361838171875 0.5035830390625 0.23462726250000002 0.5034468578125 0.2343549015625 0.5065599671875 0.23279834687499998 0.5064237859375 0.2321174421875 0.51420655625 0.23367399687499998 0.5143427375 0.23340163593750002 0.517455846875 0.23495818906250002 0.5175920265625 0.23624238281249998 0.5208413171874999 0.244025153125 0.5215222203125001 0.24416133437499998 0.5199656671875 0.248830996875 0.520374209375 0.24896717812500002 0.5188176546875 0.2522164671875 0.5175334625 0.252488828125 0.514420353125 0.2540453828125 0.514556534375 0.2547262875 0.5067737640625001 0.2531697328125 0.5066375828125 0.25330591406249997 0.505081028125 0.2501928046875 0.5048086671875 0.2503289859375 0.5032521125 0.24410276875 0.5027073890625 0.24423895 0.501150834375 0.2395692875 0.5007422921875 0.23943310625 0.502298846875
2 0.4912216265625 0.20592838281249998 0.48810851718750004 0.205656021875 0.4879723359375 0.207212575 0.48641578281250003 0.20707639531250002 0.48627960156250005 0.20863294843750002 0.48303031250000006 0.209917140625 0.48275795 0.21303025 0.48120139687499996 0.21289406875 0.4803843109375 0.22223339375 0.47882775625 0.2220972140625 0.47869157656250005 0.2236537671875 0.4802481296875 0.22378994843750002 0.47970340624999996 0.230016165625 0.4812599609375 0.23015234687500002 0.48085141875000004 0.23482200937500003 0.4824079734375 0.23495818906250002 0.48227179218750005 0.23651474375 0.48382834687500004 0.236650925 0.48369216562500006 0.2382074796875 0.48524872031250005 0.238343659375 0.48653291249999997 0.24159294843749998 0.49275912968749996 0.242137671875 0.4926229484375 0.2436942265625 0.494179503125 0.24383040781249998 0.4943156828125 0.242273853125 0.5052115625 0.24322711875 0.50534774375 0.241670565625 0.5084608515625 0.2419429265625 0.5085970328125 0.24038637187499998 0.5101535875 0.240522553125 0.5102897671875 0.23896599843750002 0.5135390578125001 0.23768180625 0.5139476000000001 0.23301214374999998 0.5155041546875 0.233148325 0.5165936 0.220695890625 0.5150370468750001 0.22055971093750001 0.5155817703125 0.21433349375000002 0.514025215625 0.2141973125 0.514297578125 0.21108420468750003 0.5127410234374999 0.2109480234375 0.5128772046875001 0.20939146874999998 0.51132065 0.2092552875 0.5100364578125001 0.2060059984375 0.49135780625000003 0.204371828125 0.4912216265625 0.20592838281249998
2 0.4780068203125 0.494263290625 0.46957656718749996 0.4860831734375 0.458674909375 0.47954398125 0.44084605468750004 0.48618403125 0.42966990000000005 0.49450129687500005 0.47572124843749997 0.500625090625 0.4780068203125 0.494263290625