3 0.2815572796875 0.4219019453125 0.28527040000000004 0.4069677859375 0.3191269234375 0.374025696875 0.2908884328125 0.3623455625 0.2588457546875 0.3695821546875 0.24798147343750002 0.388950465625 0.23793492500000002 0.38596213125 0.204624809375 0.3950088109375 0.194938775 0.40306313749999995 0.1762023046875 0.40478027812499995 0.165520159375 0.41618345312500005 0.16452216875 0.43301876874999995 0.1794525734375 0.46370482187500006 0.16894880625 0.4941157921875 0.14894114218750001 0.524615953125 0.1568133328125 0.5422671218749999 0.1681273171875 0.5434453687499999 0.17890053125 0.5280596265625 0.2186370203125 0.5194664078125 0.2296834375 0.49213296093750003 0.2694199265625 0.48353974062500005 0.28879199375 0.467431090625 0.305088415625 0.438378625 0.30011161406250003 0.428149940625 0.2815572796875 0.4219019453125
3 0.4472920046875 0.3855387234375 0.45064273281249995 0.37304836875 0.4281987765625 0.3492402734375 0.3930785734375 0.357019515625 0.40285191718749996 0.3719555546875 0.3897240890625 0.39648280156250004 0.42701489375 0.40101365624999996 0.4472920046875 0.3855387234375
3 0.40219378125 0.5481846546875 0.4169495625 0.5328899796875 0.41450763437499993 0.5190411203124999 0.393873765625 0.4965004609375 0.36662950781250003 0.4949579421875 0.3355810625 0.5123321515625 0.33259272812499996 0.5223787 0.3422731265625 0.5547837734375001 0.40219378125 0.5481846546875
3 0.2511124984375 0.6541545656250001 0.303341221875 0.6354256078125 0.27637016718749996 0.6219353859375001 0.25301741093749996 0.6244665031250001 0.24776928437499998 0.61269905625 0.2178080171875 0.6227418484375 0.21237587812499997 0.632426003125 0.2235969171875 0.651073284375 0.2511124984375 0.6541545656250001
3 0.5102751578125 0.48628868125 0.5305466328125 0.511273146875 0.5338025375 0.5297382921875 0.543577759375 0.531187865625 0.571909196875 0.5253989671875 0.6092037593749999 0.5029568875 0.6133684625 0.4950828203125 0.6051357578125 0.46638899062499994 0.595451603125 0.46095685 0.560513534375 0.4607709578125 0.5105483609375 0.474340978125 0.5102751578125 0.48628868125
3 0.8396801 0.2893778453125 0.8227537171874999 0.2923624234375 0.8196743156249999 0.306391540625 0.802746053125 0.32286258437500004 0.7758660671875 0.30538979374999997 0.748984203125 0.30140346875 0.761658571875 0.2833025953125 0.7560536875 0.2335195578125 0.763295915625 0.2251028390625 0.7869199984375 0.2241104828125 0.7985071859375 0.21334102656249998 0.7898191421874999 0.20456003749999999 0.743206575 0.1921532375 0.730896478125 0.1943238390625 0.7183131781250001 0.2084421453125 0.72274545 0.229079771875 0.6841872078125 0.22635900625 0.6687977078125 0.2425587234375 0.673774509375 0.2527874078125 0.7231003296875 0.2805818296875 0.718482165625 0.29488227031249997 0.682094525 0.3044716015625 0.667065540625 0.33171398124999996 0.6758427734375 0.34999886875 0.707883575 0.35624874218749997 0.71385273125 0.39010150781249997 0.7358469828125 0.393363046875 0.7410040421875 0.4091130609375 0.7505079390625 0.40902387031250004 0.762186196875 0.394271846875 0.75820550625 0.3806943125 0.7719670546875 0.355262021875 0.8071802046875 0.33001374375000003 0.8500834078124999 0.330381771875 0.8698178671875001 0.311829315625 0.8614922171874999 0.30060452031249996 0.8396801 0.2893778453125
3 0.9320340015624999 0.070801340625 0.9248884765625001 0.03477609375 0.9107664140624999 0.049165725 0.9098594921875 0.062018471875 0.9320340015624999 0.070801340625
3 0.7987118625 0.0435383 0.8104774296875 0.051776640625 0.8328340750000001 0.052594371875000004 0.8582663671875 0.06635592031250001 0.859530046875 0.09151876406250001 0.8738286109375 0.10962339531250001 0.8848712703125001 0.1092628796875 0.8867743046875001 0.0930612828125 0.8959176875000001 0.081929434375 0.8929331093749999 0.06500304999999999 0.8739290703125 0.0382084984375 0.8624348265625 0.0315089203125 0.826954109375 0.0282455046875 0.8000703671875 0.0377456453125 0.7987118625 0.0435383
3 0.5992971140625001 0.145337871875 0.5773028625000001 0.142076334375 0.5626381484375 0.153388440625 0.56435716875 0.1586384453125 0.575762221875 0.155834125 0.5948610859375 0.151673178125 0.5992971140625001 0.145337871875
3 0.5561207078125 0.1569175484375 0.5148454546875 0.1657820921875 0.5029869406249999 0.1750127875 0.509593571875 0.180987578125 0.545708009375 0.1833459515625 0.5576575906250001 0.1701326890625 0.5561207078125 0.1569175484375
3 0.46179148750000004 0.260813559375 0.5042431078125 0.2541214953125 0.5208089765625 0.24009425625 0.5214464515625 0.21221628125 0.5091363546875 0.214386884375 0.48876817499999997 0.233844384375 0.48179915156249997 0.2303133984375 0.46233789375 0.23691815156249998 0.45156468125 0.25230389375 0.46179148750000004 0.260813559375
3 0.5525765734375 0.258291834375 0.555836234375 0.24978404687500003 0.548233490625 0.24715810624999998 0.543072675 0.2583810234375 0.5525765734375 0.258291834375
3 0.5814544171875 0.22860752812500001 0.5616326453125 0.2241696203125 0.5448865203125 0.232675528125 0.5564699515625 0.24887900312500003 0.577650228125 0.2475242546875 0.5873362625 0.23946992968749997 0.5814544171875 0.22860752812500001