3 0.58822790625 0.54928335625 0.5884709859374999 0.537541109375 0.5731778046875 0.5330661921875001 0.5641401234375001 0.5377651375 0.5736741953125 0.5542839453124999 0.58822790625 0.54928335625
3 0.29948498125 0.3358054046875 0.27113607968750003 0.31920898124999997 0.2713015421875 0.326281565625 0.2868963671875 0.3362725125 0.29948498125 0.3358054046875
3 0.2313860875 0.36121689375 0.2239825765625 0.3472371875 0.20546938906249998 0.3526756015625 0.2086117796875 0.361577103125 0.22488750937500002 0.363785278125 0.2313860875 0.36121689375
3 0.2732475875 0.35782119218749997 0.2810010765625 0.3498729578125 0.240909928125 0.3330334546875 0.236541909375 0.3381409421875 0.23998594374999999 0.352558471875 0.252029834375 0.35831758125 0.2732475875 0.35782119218749997
3 0.245521025 0.31618371875 0.24535556249999999 0.30911113437500004 0.21263864062499999 0.2976221984375 0.198629653125 0.2963965703125 0.1878992359375 0.30251588906250004 0.2192250671875 0.3209412296875 0.245521025 0.31618371875
3 0.1429069890625 0.46718994062499997 0.1558748625 0.4534240328125 0.1597757734375 0.4357279296875 0.176353146875 0.4434521359375 0.187355925 0.43421970937500004 0.175312034375 0.4284606 0.1639197640625 0.40628958125 0.138849434375 0.397038103125 0.159434615625 0.3768805140625 0.15642840625 0.366422459375 0.1313873578125 0.3658001203125 0.12483021406249999 0.351110228125 0.114070515625 0.3486004078125 0.08641274843749999 0.36892345937500004 0.1106367125 0.378885125 0.116980059375 0.41394640312500003 0.10117143749999999 0.42432684062500003 0.0848664265625 0.41348952656250004 0.0753909203125 0.4142289953125 0.0622868640625 0.42955145781250004 0.0733482078125 0.43757730937500006 0.0986616171875 0.43508653906249994 0.116931725 0.44139037343750004 0.135970584375 0.46579885 0.1429069890625 0.46718994062499997
3 0.0268932484375 0.29627203281250003 0.017116098437499998 0.29149547187499997 0.015452645312499999 0.301544984375 0.0268932484375 0.29627203281250003
3 0.0474491484375 0.26748530625 0.0554749984375 0.2564239625 0.0410281859375 0.251238859375 0.0199758953125 0.258807834375 0.0177677203125 0.2750835625 0.023721575 0.27874139375 0.0474491484375 0.26748530625
3 0.44249463593750005 0.4581099234375 0.4276876140625 0.4301505125 0.4341276265625 0.41032385 0.42773594687500005 0.4027065421875 0.3966048625 0.399982925 0.3800274890625 0.39225871875 0.3582650125 0.398981325 0.35758410937499996 0.40676409687500004 0.3692194578125 0.41719286875000006 0.36616491406249996 0.43417878437499996 0.370863859375 0.44321646562500006 0.3826353890625 0.4520886828125 0.40131403906249996 0.45372285312500005 0.41281320624999995 0.46570817968749995 0.435178971875 0.4700176328125 0.44249463593750005 0.4581099234375
3 0.3265115890625 0.42129875625 0.318232428125 0.3994001 0.305916175 0.3967540984375 0.29349302499999996 0.404293790625 0.28915428906249996 0.418030415625 0.302346190625 0.42859536875000004 0.3265115890625 0.42129875625
3 0.2574696609375 0.502308371875 0.27010660937500003 0.47439729531249997 0.24462773593749998 0.46981547968750004 0.22838128906250002 0.47623644218749994 0.21669760781249997 0.49325164062500004 0.23016187187499998 0.500703484375 0.2574696609375 0.502308371875
3 0.3585578375 0.4852727109375 0.359481821875 0.46574769375 0.3391104359375 0.46553389687499996 0.3136901265625 0.4782103578125 0.314731240625 0.49320189531249997 0.3430508609375 0.5011691796875 0.3585578375 0.4852727109375
3 0.401003575 0.5289821796874999 0.41173399218749995 0.5228628609375 0.415800365625 0.5122393421875 0.401353553125 0.5070542390624999 0.3738319671875 0.5258207374999999 0.401003575 0.5289821796874999
3 0.5173951640625 0.5611236828124999 0.524000640625 0.5483696046875 0.49581720156250003 0.538845765625 0.49131300156249996 0.54550980625 0.4994267 0.5603358796875 0.5173951640625 0.5611236828124999