3 0.27578125 0.44375 0.29765625 0.43125 0.31875 0.40546875 0.315625 0.39453125 0.2984375 0.38515625 0.3046875 0.37109375 0.34375 0.34453125 0.31796875 0.328125 0.28515625 0.3296875 0.27109375 0.346875 0.26171875 0.3421875 0.22734375 0.3453125 0.21640625 0.3515625 0.19765625 0.35 0.18515625 0.359375 0.18125 0.37578125 0.190625 0.40859375 0.175 0.43671875 0.15 0.46328125 0.1546875 0.48203125 0.165625 0.48515625 0.17890625 0.471875 0.21953125 0.4703125 0.23515625 0.4453125 0.27578125 0.44375
3 0.41953125 0.340625 0.4265625 0.35703125 0.409375 0.37890625 0.4453125 0.38984375 0.46796875 0.378125 0.4734375 0.36640625 0.45546875 0.3390625 0.41953125 0.340625
3 0.36953125 0.471875 0.3359375 0.48359375 0.33125 0.49296875 0.33515625 0.5265625 0.3953125 0.53046875 0.4125 0.51796875 0.4125 0.50390625 0.39609375 0.478125 0.36953125 0.471875
3 0.23203125 0.5671875 0.20078125 0.571875 0.19375 0.58046875 0.2015625 0.60078125 0.228125 0.60859375 0.2828125 0.59921875 0.25859375 0.58125 0.23515625 0.5796875 0.23203125 0.5671875
3 0.609375 0.48515625 0.60078125 0.478125 0.56640625 0.471875 0.51484375 0.4765625 0.5125 0.48828125 0.528125 0.51640625 0.528125 0.53515625 0.5375 0.53828125 0.56640625 0.5375 0.60703125 0.521875 0.6125 0.51484375 0.609375 0.48515625
3 0.83203125 0.3859375 0.87421875 0.39375 0.896875 0.37890625 0.890625 0.36640625 0.87109375 0.3515625 0.85390625 0.3515625 0.8484375 0.36484375 0.82890625 0.378125 0.80546875 0.35625 0.7796875 0.34765625 0.7953125 0.33203125 0.7984375 0.28203125 0.80703125 0.275 0.83046875 0.278125 0.84375 0.26953125 0.83671875 0.259375 0.79296875 0.2390625 0.78046875 0.2390625 0.765625 0.25078125 0.76640625 0.271875 0.72890625 0.2625 0.7109375 0.27578125 0.7140625 0.28671875 0.7578125 0.32265625 0.75078125 0.3359375 0.71328125 0.3390625 0.69375 0.36328125 0.69921875 0.3828125 0.7296875 0.39453125 0.7296875 0.42890625 0.75078125 0.4359375 0.753125 0.45234375 0.7625 0.45390625 0.7765625 0.44140625 0.775 0.42734375 0.79296875 0.4046875 0.83203125 0.3859375
3 1 0.15234375 0.99921875 0.115625 0.9828125 0.12734375 0.9796875 0.13984375 1 0.15234375
3 0.9484375 0.11015625 0.93828125 0.1015625 0.90390625 0.0921875 0.87578125 0.096875 0.8734375 0.10234375 0.88359375 0.1125 0.90546875 0.1171875 0.928125 0.13515625 0.925 0.16015625 0.9359375 0.18046875 0.946875 0.18203125 0.9515625 0.16640625 0.9625 0.15703125 0.9625 0.13984375 0.9484375 0.11015625
3 0.621875 0.16953125 0.62265625 0.175 0.634375 0.17421875 0.65390625 0.1734375 0.659375 0.16796875 0.63828125 0.1609375 0.621875 0.16953125
3 0.559375 0.18046875 0.56484375 0.1875 0.6 0.19609375 0.6140625 0.18515625 0.61484375 0.171875 0.57265625 0.1734375 0.559375 0.18046875
3 0.53515625 0.2359375 0.52890625 0.23125 0.50859375 0.234375 0.4953125 0.24765625 0.50390625 0.2578125 0.546875 0.25859375 0.565625 0.24765625 0.57109375 0.2203125 0.55859375 0.2203125 0.53515625 0.2359375
3 0.59375 0.27109375 0.5984375 0.26328125 0.59140625 0.259375 0.584375 0.26953125 0.59375 0.27109375
3 0.590625 0.24453125 0.59921875 0.2625 0.6203125 0.26484375 0.63125 0.25859375 0.62734375 0.246875 0.60859375 0.2390625 0.590625 0.24453125